37,96
37,95
37,94
37,93
37,92
37,91
37,90
37,89
37,88
37,87
37,86
37,85
37,84
37,83
37,82
37,81
37,80
37,79
37,78
37,77
37,76
37,75
37,74
37,73
37,72
37,71
37,70
37,69
37,68
37,67
37,66
37,65
37,64
37,37
37,36
37,35
37,34
37,33
37,32
37,31
37,30
37,29
37,28
37,27
37,26
37,25
37,24
37,23
37,22
37,21
37,20
37,19
37,18
37,17
37,16
37,15
37,14
37,13
37,12
0,509
0,508
0,507
0,506
37,11
37,10
0,505
0,504
0,503
0,502
0,501
37,9
37,8
0,500
0,499
0,498
0,497
0,496
0,495
0,494
0,493
0,492
0,491
0,490
0,489
0,488
0,487
0,486
0,485
0,484
37,7
37,6
0,483
0,482
0,481
0,480
0,479
0,478
0,477
0,476
0,475
0,474
0,473
0,472
0,471
0,470
0,469
0,468
0,467
0,466
0,465
0,464
0,463
0,462
0,461
0,460
0,459
0,458
0,457
0,456
0,455
0,454
0,453
0,452
0,451
0,450
0,449
0,448
0,447
0,446
0,445
0,444
0,443
0,442
0,441
0,440
0,439
0,438
0,437
